25
4
0 0 1 0
0 0 1 0
1 1 0 1
0 0 1 0
6 7 4 8
5
0 1 0 1 0
1 0 1 1 1
0 1 0 0 0
1 1 0 0 1
0 1 0 1 0
10 10 3 10 7
6
0 1 0 0 0 1
1 0 0 1 1 1
0 0 0 1 0 0
0 1 1 0 0 0
0 1 0 0 0 0
1 1 0 0 0 0
13 18 8 5 18 5
6
0 1 1 1 1 0
1 0 0 0 1 0
1 0 0 0 1 0
1 0 0 0 0 1
1 1 1 0 0 1
0 0 0 1 1 0
17 11 7 15 4 11
7
0 1 0 0 0 0 1
1 0 0 0 0 1 1
0 0 0 0 0 1 1
0 0 0 0 1 0 0
0 0 0 1 0 1 1
0 1 1 0 1 0 0
1 1 1 0 1 0 0
15 18 14 9 7 7 12
7
0 1 0 1 0 1 0
1 0 0 1 0 0 0
0 0 0 0 0 1 0
1 1 0 0 1 0 0
0 0 0 1 0 1 1
1 0 1 0 1 0 0
0 0 0 0 1 0 0
20 20 3 12 6 16 13
7
0 1 0 0 1 0 0
1 0 0 0 1 1 1
0 0 0 1 0 1 0
0 0 1 0 1 0 0
1 1 0 1 0 0 0
0 1 1 0 0 0 0
0 1 0 0 0 0 0
9 16 16 12 19 18 4
7
0 0 0 0 1 1 0
0 0 0 0 0 1 1
0 0 0 1 0 1 1
0 0 1 0 1 1 0
1 0 0 1 0 0 1
1 1 1 1 0 0 0
0 1 1 0 1 0 0
13 15 3 14 9 19 3
8
0 0 0 0 0 0 0 1
0 0 0 1 0 0 1 0
0 0 0 1 1 0 1 0
0 1 1 0 0 0 0 0
0 0 1 0 0 1 0 0
0 0 0 0 1 0 1 0
0 1 1 0 0 1 0 1
1 0 0 0 0 0 1 0
5 6 20 9 3 17 17 14
8
0 0 0 1 0 1 1 0
0 0 0 0 0 0 1 0
0 0 0 0 0 0 1 0
1 0 0 0 1 0 0 0
0 0 0 1 0 0 0 1
1 0 0 0 0 0 0 0
1 1 1 0 0 0 0 1
0 0 0 0 1 0 1 0
12 4 6 16 3 15 13 7
8
0 1 0 0 0 0 0 0
1 0 1 0 0 0 0 0
0 1 0 1 0 0 0 0
0 0 1 0 1 0 0 0
0 0 0 1 0 1 0 0
0 0 0 0 1 0 1 0
0 0 0 0 0 1 0 1
0 0 0 0 0 0 1 0
1 2 3 4 5 6 7 8
8
0 1 0 0 0 0 0 0
1 0 1 0 0 0 0 0
0 1 0 1 0 0 0 0
0 0 1 0 1 0 0 0
0 0 0 1 0 1 0 0
0 0 0 0 1 0 1 0
0 0 0 0 0 1 0 1
0 0 0 0 0 0 1 0
10 10 10 10 10 10 10 10
8
0 1 1 1 1 1 1 1
1 0 1 1 1 1 1 1
1 1 0 1 1 1 1 1
1 1 1 0 1 1 1 1
1 1 1 1 0 1 1 1
1 1 1 1 1 0 1 1
1 1 1 1 1 1 0 1
1 1 1 1 1 1 1 0
10 10 10 10 10 10 10 10
8
0 1 1 1 1 1 1 1
1 0 1 1 1 1 1 1
1 1 0 1 1 1 1 1
1 1 1 0 1 1 1 1
1 1 1 1 0 1 1 1
1 1 1 1 1 0 1 1
1 1 1 1 1 1 0 1
1 1 1 1 1 1 1 0
1 2 3 4 5 6 7 8
8
0 1 0 0 0 0 0 0
1 0 1 0 0 0 0 0
0 1 0 1 0 0 0 0
0 0 1 0 1 0 0 0
0 0 0 1 0 1 0 0
0 0 0 0 1 0 1 0
0 0 0 0 0 1 0 1
0 0 0 0 0 0 1 0
4 3 2 1 4 3 2 1
8
0 1 1 1 1 1 1 1
1 0 0 0 0 0 0 0
1 0 0 0 0 0 0 0
1 0 0 0 0 0 0 0
1 0 0 0 0 0 0 0
1 0 0 0 0 0 0 0
1 0 0 0 0 0 0 0
1 0 0 0 0 0 0 0
8 7 6 5 4 3 2 1
8
0 1 1 1 1 1 1 1
1 0 0 0 0 0 0 0
1 0 0 0 0 0 0 0
1 0 0 0 0 0 0 0
1 0 0 0 0 0 0 0
1 0 0 0 0 0 0 0
1 0 0 0 0 0 0 0
1 0 0 0 0 0 0 0
1 2 3 4 5 6 7 8
8
0 1 1 1 1 1 1 1
1 0 0 0 0 0 0 0
1 0 0 0 0 0 0 0
1 0 0 0 0 0 0 0
1 0 0 0 0 0 0 0
1 0 0 0 0 0 0 0
1 0 0 0 0 0 0 0
1 0 0 0 0 0 0 0
20 20 20 20 20 20 20 20
8
0 1 1 1 1 1 1 1
1 0 0 0 0 0 0 0
1 0 0 0 0 0 0 0
1 0 0 0 1 0 0 0
1 0 0 1 0 0 0 0
1 0 0 0 0 0 0 0
1 0 0 0 0 0 0 0
1 0 0 0 0 0 0 0
1 2 3 4 5 6 7 8
8
0 1 1 1 1 1 1 1
1 0 0 0 0 0 0 0
1 0 0 0 0 0 0 0
1 0 0 0 0 1 0 0
1 0 0 0 0 0 0 0
1 0 0 1 0 0 0 0
1 0 0 0 0 0 0 0
1 0 0 0 0 0 0 0
1 2 3 4 5 6 7 8
8
0 1 1 1 1 1 1 1
1 0 0 0 0 0 0 0
1 0 0 0 0 1 0 0
1 0 0 0 0 0 0 0
1 0 0 0 0 0 0 0
1 0 1 0 0 0 0 0
1 0 0 0 0 0 0 0
1 0 0 0 0 0 0 0
1 2 3 4 5 6 7 8
8
0 1 1 1 1 1 1 1
1 0 0 0 1 0 0 0
1 0 0 0 0 0 1 0
1 0 0 0 0 0 0 0
1 1 0 0 0 0 0 0
1 0 0 0 0 0 0 0
1 0 1 0 0 0 0 0
1 0 0 0 0 0 0 0
11 5 7 3 11 15 20 1
8
0 1 1 1 1 1 1 1
1 0 0 0 1 0 0 1
1 0 0 0 0 1 0 0
1 0 0 0 0 0 0 0
1 1 0 0 0 0 0 0
1 0 1 0 0 0 0 0
1 0 0 0 0 0 0 0
1 1 0 0 0 0 0 0
11 5 17 13 11 15 20 10
8
0 1 1 1 1 1 1 1
1 0 1 0 1 0 0 0
1 1 0 0 0 1 0 0
1 0 0 0 0 0 0 1
1 1 0 0 0 0 0 0
1 0 1 0 0 0 0 0
1 0 0 0 0 0 0 0
1 0 0 1 0 0 0 0
11 15 7 3 11 15 20 1
8
0 1 1 1 1 1 1 1
1 0 0 0 1 0 0 0
1 0 0 0 0 0 1 0
1 0 0 0 0 0 0 0
1 1 0 0 0 1 0 0
1 0 0 0 1 0 0 1
1 0 1 0 0 0 0 0
1 0 0 0 0 1 0 0
11 5 7 13 11 8 20 1